# Температура воздуха (Цельсий) Краснодарского края с октября по июль (сельскохозяйственный год для озимой пшеницы)
air_temperature_1964_1965 <- c(11.2, 5.0, 2.0, -1.5, -3.2, 2.8, 8.6, 16.8, 22.0, 22.8)
air_temperature_1969_1970 <- c(9.2, 8.2, 3.2, 0.0, 4.1, 6.7, 14.4, 16.8, 19.3, 24.9)
air_temperature_1979_1980 <- c(10.3, 6.1, 3.7, -3.1, 0.8, 2.6, 10.7, 16.2, 20.5, 24.7)
air_temperature_1989_1990 <- c(11.3, 5.9, 3.3, 1.0, 3.5, 7.3, 12.4, 16.1, 20.2, 24.5)
air_temperature_1994_1995 <- c(13.8, 4.3, -1.4, 1.7, 5.6, 7.8, 12.0, 17.6, 23.0, 23.5)
air_temperature_1995_1996 <- c(11.0, 8.0, 0.7, -2.3, 1.4, 3.5, 11.0, 19.7, 20.5, 26.0)
air_temperature_1996_1997 <- c(11.7, 8.5, 2.7, -1.5, 0.9, 3.6, 10.7, 18.9, 21.4, 22.5)
air_temperature_1997_1998 <- c(12.3, 5.9, 2.3, 0.5, 0.0, 5.6, 14.6, 18.3, 23.4, 25.2)
air_temperature_1998_1999 <- c(13.5, 5.9, 1.8, 2.9, 4.7, 8.4, 13.4, 14.8, 22.6, 25.8)
air_temperature_1999_2000 <- c(12.1, 3.7, 6.4, 0.0, 3.2, 5.4, 15.5, 16.0, 20.5, 25.4)
air_temperature_2000_2001 <- c(11.4, 4.4, 3.5, 2.0, 2.8, 8.8, 13.0, 15.5, 20.4, 27.5)
air_temperature_2001_2002 <- c(11.2, 7.7, -0.4, -1.7, 6.6, 8.7, 10.8, 17.5, 20.9, 26.2)
air_temperature_2002_2003 <- c(13.0, 8.1, -3.5, 2.0, -1.5, 3.0, 9.7, 20.5, 20.7, 23.3)
air_temperature_2003_2004 <- c(13.4, 6.1, 2.6, 4.1, 3.8, 7.4, 11.9, 16.6, 20.0, 22.6)
air_temperature_2004_2005 <- c(12.5, 7.6, 3.0, 4.5, 1.4, 2.8, 12.9, 19.4, 20.9, 24.7)
air_temperature_2005_2006 <- c(12.4, 6.3, 5.0, -5.9, -1.4, 7.8, 12.7, 17.0, 23.1, 22.8)
air_temperature_2006_2007 <- c(14.1, 7.0, 2.2, 6.2, 1.1, 6.4, 10.7, 20.5, 23.4, 26.6)
air_temperature_2007_2008 <- c(15.2, 5.4, 1.9, -3.7, 1.4, 10.0, 14.5, 16.3, 21.5, 24.5)
air_temperature_2008_2009 <- c(13.6, 8.0, 1.2, -0.6, 5.4, 6.9, 10.7, 16.1, 23.9, 25.6)
air_temperature_2009_2010 <- c(15.9, 8.4, 4.5, 0.1, 3.4, 5.8, 12.2, 19.2, 24.6, 26.8)
air_temperature_2010_2011 <- c(11.5, 12.0, 7.2, -0.1, -1.3, 4.6, 10.0, 17.1, 22.6, 27.1)
air_temperature_2011_2012 <- c(11.7, 1.4, 5.7, -0.2, -5.1, 3.1, 16.5, 21.4, 24.7, 25.8)
air_temperature_2012_2013 <- c(16.8, 8.3, 2.3, 4.5, 5.7, 7.6, 14.0, 21.7, 23.5, 24.9)
air_temperature_2013_2014 <- c(11.3, 9.0, 0.8, 0.9, 2.6, 8.5, 13.1, 20.1, 22.0, 25.4)
air_temperature_2014_2015 <- c(10.9, 4.8, 4.5, 2.1, 3.5, 7.5, 11.1, 18.5, 23.0, 25.2)
air_temperature_2015_2016 <- c(11.1, 9.8, 4.4, 0.2, 7.1, 8.5, 14.7, 17.7, 23.4, 25.8)
air_temperature_2016_2017 <- c(10.9, 7.0, -1.2, 0.6, 1.4, 9.0, 12.1, 17.5, 22.0, 25.5)
air_temperature_2017_2018 <- c(12.3, 6.4, 5.2, 1.4, 3.0, 6.3, 13.8, 19.4, 23.8, 26.2)
air_temperature_2018_2019 <- c(14.4, 4.1, 2.6, 2.9, 3.1, 6.4, 11.9, 19.1, 25.3, 23)
air_temperature_2019_2020 <- c(13.5, 6.5, 4, 2.3, 3.8, 9.3, 10.4, 16.5, 22.9, 25.4)
air_temperature_2020_2021 <- c(16.2, 5.7, 1.8, 1.3, 0.5, 4.5, 11.1, 18, 21.7, 26.2)
air_temperature_average_annual <- c(11.3, 5.3, 1.4, -1.1, 0, 4.5, 11.8, 16.7, 20.6, 23.4)

# Сумма осадков (мм) Краснодарского края с октября по июль (сельскохозяйственный год для озимой пшеницы)
precipitation_amount_1964_1965 <- c(25, 114, 28, 13, 131, 47, 83, 42, 107, 56)
precipitation_amount_1969_1970 <- c(62, 62, 89, 53, 42, 94, 37, 121, 137, 50)
precipitation_amount_1979_1980 <- c(81, 30, 81, 35, 5, 48, 92, 105, 44, 52)
precipitation_amount_1989_1990 <- c(45, 96, 33, 47, 29, 30, 45, 106, 49, 14)
precipitation_amount_1994_1995 <- c(36, 121, 49, 82, 25, 80, 67, 85, 138, 60)
precipitation_amount_1995_1996 <- c(69, 145, 84, 22, 37, 71, 84, 95, 73, 0.1)
precipitation_amount_1996_1997 <- c(82, 43, 141, 51, 46, 30, 83, 64, 48, 171)
precipitation_amount_1997_1998 <- c(193, 43, 91, 61, 108, 67, 52, 50, 126, 22)
precipitation_amount_1998_1999 <- c(20, 133, 127, 26, 132, 28, 20, 72, 118, 48)
precipitation_amount_1999_2000 <- c(120, 77, 38, 108, 65, 68, 37, 61, 138, 16)
precipitation_amount_2000_2001 <- c(27, 7, 23, 18, 111, 81, 61, 144, 6, 10)
precipitation_amount_2001_2002 <- c(44, 97, 179, 96, 40, 67, 33, 28, 158, 107)
precipitation_amount_2002_2003 <- c(51, 95, 16, 66, 26, 42, 48, 0.1, 14, 72)
precipitation_amount_2003_2004 <- c(114, 50, 78, 41, 87, 104, 34, 28, 178, 72)
precipitation_amount_2004_2005 <- c(58, 80, 65, 47, 23, 164, 51, 68, 58, 68)
precipitation_amount_2005_2006 <- c(69, 82, 77, 61, 105, 22, 41, 54, 73, 125)
precipitation_amount_2006_2007 <- c(29, 121, 35, 80, 62, 66, 28, 19, 36, 4)
precipitation_amount_2007_2008 <- c(35, 82, 117, 15, 39, 68, 55, 69, 52, 47)
precipitation_amount_2008_2009 <- c(28, 67, 30, 87, 49, 89, 19, 93, 57, 80)
precipitation_amount_2009_2010 <- c(14, 86, 96, 105, 75, 107, 85, 25, 93, 19)
precipitation_amount_2010_2011 <- c(92, 24, 100, 110, 66, 66, 138, 107, 54, 3)
precipitation_amount_2011_2012 <- c(76, 32, 43, 52, 70, 50, 41, 74, 15, 83)
precipitation_amount_2012_2013 <- c(45, 38, 75, 41, 34, 80, 20, 17, 86, 96)
precipitation_amount_2013_2014 <- c(75, 36, 71, 107, 15, 94, 18, 45, 129, 51)
precipitation_amount_2014_2015 <- c(78, 17, 65, 87, 27, 43, 68, 72, 45, 71)
precipitation_amount_2015_2016 <- c(83, 78, 53, 91, 47, 29, 26, 62, 176, 43)
precipitation_amount_2016_2017 <- c(43, 94, 66, 20, 35, 53, 44, 116, 63, 88)
precipitation_amount_2017_2018 <- c(74, 49, 77, 27, 48, 94, 26, 43, 11, 117)
precipitation_amount_2018_2019 <- c(60, 64, 68, 89, 29, 59, 44, 53, 35, 132)
precipitation_amount_2019_2020 <- c(34, 18, 40, 64, 55, 18, 4, 89, 37, 105)
precipitation_amount_2020_2021 <- c(17, 38, 21, 102, 108, 53, 86, 64, 108, 27)
precipitation_amount_average_annual <- c(62, 65, 70, 57, 38, 43, 71, 70, 70, 51)

# Запись для подписи на графике boxplot (ящик с усами)
# rep(c(''), кол-во повторений)
year_1964_1965 <- rep(c('1964_1965'), 10)
year_1969_1970 <- rep(c('1969_1970'), 10)
year_1979_1980 <- rep(c('1979_1980'), 10)
year_1989_1990 <- rep(c('1989_1990'), 10)
year_1994_1995 <- rep(c('1994_1995'), 10)
year_1995_1996 <- rep(c('1995_1996'), 10)
year_1996_1997 <- rep(c('1996_1997'), 10)
year_1997_1998 <- rep(c('1997_1998'), 10)
year_1998_1999 <- rep(c('1998_1999'), 10)
year_1999_2000 <- rep(c('1999_2000'), 10)
year_2000_2001 <- rep(c('2000_2001'), 10)
year_2001_2002 <- rep(c('2001_2002'), 10)
year_2002_2003 <- rep(c('2002_2003'), 10)
year_2003_2004 <- rep(c('2003_2004'), 10)
year_2004_2005 <- rep(c('2004_2005'), 10)
year_2005_2006 <- rep(c('2005_2006'), 10)
year_2006_2007 <- rep(c('2006_2007'), 10)
year_2007_2008 <- rep(c('2007_2008'), 10)
year_2008_2009 <- rep(c('2008_2009'), 10)
year_2009_2010 <- rep(c('2009_2010'), 10)
year_2010_2011 <- rep(c('2010_2011'), 10)
year_2011_2012 <- rep(c('2011_2012'), 10)
year_2012_2013 <- rep(c('2012_2013'), 10)
year_2013_2014 <- rep(c('2013_2014'), 10)
year_2014_2015 <- rep(c('2014_2015'), 10)
year_2015_2016 <- rep(c('2015_2016'), 10)
year_2016_2017 <- rep(c('2016_2017'), 10)
year_2017_2018 <- rep(c('2017_2018'), 10)
year_2018_2019 <- rep(c('2018-2019'), 10)
year_2019_2020 <- rep(c('2019-2020'), 10)
year_2020_2021 <- rep(c('2020-2021'), 10)
average_annual <- rep(c('Сред.многолетние значения'), 10)

# Создание фрейма данных для температуры воздуха
data <- data.frame(list(air_temperature=c(air_temperature_1964_1965, air_temperature_1969_1970, air_temperature_1979_1980, air_temperature_1989_1990, air_temperature_1994_1995, air_temperature_1995_1996, air_temperature_1996_1997, air_temperature_1997_1998, air_temperature_1998_1999, air_temperature_1999_2000, air_temperature_2000_2001, air_temperature_2001_2002, air_temperature_2002_2003, air_temperature_2003_2004, air_temperature_2004_2005, air_temperature_2005_2006, air_temperature_2006_2007, air_temperature_2007_2008, air_temperature_2008_2009, air_temperature_2009_2010, air_temperature_2010_2011, air_temperature_2011_2012, air_temperature_2012_2013, air_temperature_2013_2014, air_temperature_2014_2015, air_temperature_2015_2016, air_temperature_2016_2017, air_temperature_2017_2018, air_temperature_2018_2019, air_temperature_2019_2020, air_temperature_2020_2021, air_temperature_average_annual),